   1         "t+ae"    1    1.214233   1.001287   6.750248
   2         "t+ay"    7   26.697115  12.565846  19.979595
   3         "t+uw"   54   91.903259 144.524399 151.481277
   4      "ah-w+ah"    2    2.020177   1.999547   1.999549
   5      "ch-ih+p"   22   87.252853 135.939911  69.287628
   6         "t-ah"   32   75.475426  68.851479 432.249817
   7         "t-er"   12   22.415543  33.167347  49.898540
   8         "t-uw"   54  312.285797 184.625961 189.736115
   9           "ay"   65  347.178375 346.257538 319.093964
  10      "eh-d+ih"    1   53.188988   0.999677   1.468124
  11           "sp" 1439  7729.471680
  12      "er-ah+l"   12   27.054123  36.756668 165.047211
  13       "l-uh+k"   24  204.270020  93.537582  87.963516
  14     "eh-jh+ah"    1   19.962418  20.098797  19.138926
  15       "g-ih+l"    1    4.013803   0.999927   0.999931
  16         "ay-s"   26  162.554886 288.868256 181.762283
  17         "ay-t"   21   72.771126  42.531898  55.178074
  18         "ay-z"   29  285.349335 551.183411 353.239624
  19     "ey-jh+ah"    1   11.008600  23.439573  20.475239
  20     "ey-jh+er"    1   18.130589  50.955074   2.064924
  21       "r-n+ih"   20   34.665718 108.250000  46.848923
  22         "l+uh"   24   81.337433 129.753906 213.584808
  23      "er-t+ih"    1    1.127905   1.405488   6.209401
  24         "l-er"    2    2.026410   1.999185   1.999599
  25         "l-iy"    1    6.142060   1.002802   0.999691
  26         "l-ow"   22  185.763824  99.174644 136.289536
  27     "ah-dh+er"   23   57.792011  41.871025 170.160690
  28      "jh-ah+z"    2    3.990788  63.400593   6.027040
  29        "th+ih"    1    1.044307   1.308287   1.000906
  30      "ow-d+ah"   30  519.966125 358.142151 106.703445
  31         "d+ey"   15   74.838600  38.655899  88.421143
  32         "d+ih"   35  422.052063  58.146393 102.478409
  33       "k-aa+s"   22   62.590477  30.481049  80.774536
  34         "d-ah"   30  160.654526 331.229797 272.924011
  35         "d-ey"   15   60.947800 141.010742 185.708252
  36       "m-ih+n"   12   26.020275  23.868546  18.028770
  37       "n-uw+d"   13  119.464127  45.991947  94.760735
  38       "n-uw+n"   12  108.862289  69.149506 130.469757
  39      "ih-k+sh"    1    1.000000   1.000000   1.000000
  40        "jh-er"    1    4.680966   2.301425   1.005745
  41      "aa-d+ah"    5   29.714970  66.418518  27.110725
  42         "m+ah"   27   62.579063 115.353561 192.626205
  43         "m+ao"   20   78.761642  76.564056 187.787552
  44         "m+ih"   12   41.612644  33.864849 221.051270
  45       "p-eh+d"    1    0.999702   0.999586   0.999586
  46       "aw-n+t"   34  139.969910 188.342163  98.596802
  47       "m-ao+r"   20   71.793625 130.285568 179.575882
  48       "l-ey+v"   23   47.213184  41.278061 130.643829
  49       "k-aw+n"   34   88.505638 177.082199 167.504608
  50      "r-eh+sh"   18   50.728859 206.104202 320.664459
  51       "f-y+uw"    1    9.279183   6.627741  15.969928
  52      "uw-d+ah"   13  191.186523 162.471924  53.592102
  53       "r-eh+n"   29   56.564777  95.879616  64.534492
  54       "s-k+aw"   34   92.796516  76.183495  72.152283
  55       "s-k+ow"    1    5.321638   1.010417   9.675853
  56      "eh-n+ch"   29   76.966095 167.949509 114.877823
  57      "iy-n+ah"   23   72.495880  86.686165 146.617599
  58      "eh-n+iy"   23   61.026096 162.329254  52.728149
  59       "p-er+f"    1    1.003031   0.999790   0.999674
  60       "p-er+t"    1    1.004467   1.007442   1.355038
  61      "m-ah+ch"   27   72.010284  96.249062 105.595535
  62      "p-ae+th"    1    0.999961   0.999955   0.999954
  63      "v-ih+zh"    2    3.096765   2.274493   3.787076
  64         "v+eh"   17   45.385891  32.056263  49.560040
  65         "v+er"    1    3.508375   1.147036  28.968124
  66         "v+ih"    2    2.696468   3.262690  14.443193
  67         "v+oy"    1    0.999687   0.999747   1.002082
  68      "ao-t+er"   12   22.331886  84.960228  38.957436
  69      "hh-ah+l"   22   38.841290  33.230618 270.384216
  70         "v-er"   23   42.168644 190.876511 186.301178
  71       "v-eh+r"   17   37.707481  55.696033  26.183876
  72       "w-aa+n"   90  526.363953 357.945282 930.108398
  73       "t-er+n"   12   48.947292  43.820007  29.794073
  74       "s-t+ah"   32   89.739693 259.011475  91.897125
  75        "ch+ih"   22   62.117954 193.550430  62.748215
  76         "n+ay"   21  196.630905 116.034851 229.458405
  77       "w-ah+l"    2   32.652115  16.372637   1.999504
  78       "w-ah+t"   89  497.890869 523.051086 193.945190
  79         "n+uw"   31  259.368683 287.344482 149.627014
  80         "n-ah"   36   89.714554 121.176842 202.925247
  81         "n-ch"   29  140.731369 121.364830 137.699127
  82         "n-iy"    5    8.778277  56.184860  47.010391
  83         "n-uw"   18   96.704887 149.573059 329.979279
  84      "n-ih+ng"   20   46.016102  85.804596  59.639263
  85      "d-ih+sh"    1    5.652688  20.298935  43.140079
  86       "y-ah+l"    2    2.942875   2.011343   2.911684
  87       "w-ao+t"   12   27.401758  23.710085  27.527374
  88       "v-ey+l"   18   29.390099  34.439682  37.916039
  89       "p-y+ah"    1    7.117239  10.984238   1.058731
  90      "n-iy+th"   18   45.335388  69.369957  79.721191
  91         "f+ao"   29   64.256889 146.750580  95.425903
  92         "f+ih"    1    1.000000   1.000002   1.000000
  93         "f+iy"    1    1.015825   2.344194   1.433813
  94      "aa-n+ah"   36  289.368195 484.984039 148.702911
  95      "er-n+uw"   12   22.402945  93.921227  65.838852
  96         "uh-d"   68  658.637512 424.933960 507.901642
  97         "uh-k"   24  113.332787  82.873489  65.060753
  98         "uh-t"    1    1.000675   0.999939   1.101162
  99       "f-r+ay"   29  256.936249 103.558105 222.668228
 100         "w+aa"   90  1447.529907 183.535248 666.622681
 101         "w+ah"   89  1258.388550 235.360626 699.330383
 102         "w+ao"   12  140.766586  16.417345 120.258034
 103       "f-r+eh"   47  163.249619 163.995193 137.404144
 104         "w+eh"    1    8.856385   0.999996   1.000106
 105         "w+ey"    3  192.977280   4.038836   4.030003
 106         "w+iy"   49  626.038147  89.503510 271.445129
 107         "w-iy"   49  288.920044 320.473602 263.081268
 108       "l-oy+d"    1    2.203446   1.009427  34.020809
 109      "w-eh+jh"    1    0.999951   0.999951   1.015137
 110          "f+l"   23   91.625870 124.332733  96.010628
 111          "f+r"   76  281.098999 405.127533 390.730469
 112      "w-ey+jh"    3    6.746084   3.630080  23.836742
 113         "uw-m"    1    1.874030   1.005884  10.480662
 114         "uw-n"   12   42.286098  90.030945  40.001259
 115          "k-t"    5    7.250026  92.010803  14.055170
 116          "l-d"    1   51.983688   0.999766   1.969923
 117          "l-z"    1    1.038319   0.999940   1.000183
 118       "p-oy+l"    1    3.960667   1.914027  12.277227
 119          "n-t"   94  219.298615 557.209534 347.547760
 120          "p+r"   31  102.077682 117.941452 156.873199
 121          "p-s"   29  114.464180 106.368217 259.340302
 122         "eh+n"   23   45.439072  95.525017  71.916565
 123         "eh-r"   18   35.414677  35.650574  57.964561
 124      "dh-eh+r"   18   40.350903 110.044426  75.170303
 125        "ih-ng"   39  198.705811 117.734833 156.685257
 126          "s+p"    1    1.286994   3.289564   1.174637
 127          "s-k"   48  135.774338 289.749969 266.707367
 128          "s-t"   22   32.583405  33.039150  33.196285
 129        "ih-sh"    1   22.147629  48.589939   1.001969
 130         "g+ey"    1    0.999954   0.999954  53.997494
 131          "t-s"   23   36.013851  60.927273 186.513870
 132         "g+ih"    1    0.999982   1.008083  34.094242
 133         "g+uh"   68  1880.847290 835.622131 367.543823
 134          "sil"  328  10225.806641 7729.471680 9697.168945
 135       "g-uh+d"   68  664.097656 141.683395 502.215363
 136        "iy+dh"    1    5.734324  22.346460   6.409407
 137      "ih-n+er"   12   27.998106  91.566940  67.769997
 138       "d-ih+k"    1    3.030244   1.279798   1.009454
 139       "d-ih+s"   34   93.304199 122.851624 212.431580
 140       "p-r+aa"    5   16.284550   6.182225   5.483769
 141       "p-r+ay"   26   73.670441  45.070480  78.226364
 142      "ah-b+ah"   18   40.807404  75.023003  79.394302
 143     "er-zh+ah"    1    3.998834  14.996288  60.982750
 144       "b-ah+l"   18   55.937160  44.041031  56.231712
 145         "ey-n"    1    7.078302   1.006289   2.895038
 146       "v-oy+s"    1    5.021124   6.648474  17.955177
 147       "f-ih+k"    1    1.000000   1.000000   1.000000
 148         "p+aa"   33  111.635971 227.370117 312.895630
 149         "p+ae"    1    1.000036   1.000916   1.000208
 150         "p+eh"    1    1.253363   1.117434   1.050675
 151         "p+er"    2    3.988554   2.030445   2.031164
 152         "p+iy"   23   41.144382  56.840916  98.935646
 153       "d-ah+k"    5    8.377565  23.108521  20.014725
 154       "d-ah+l"   13   39.838131  42.453087  66.139076
 155      "sh-ah+n"    1   35.248901   1.064106  11.365319
 156     "ih-zh+ah"    2    2.000115   6.997736 119.975037
 157        "ae-th"    1    1.000481   7.994695   1.001939
 158      "zh-ah+n"    2   19.285124  26.991560   2.000390
 159      "zh-ah+w"    2   18.996088   2.000162   1.999547
 160       "ay-p+s"    7   28.490717  54.821968  38.513744
 161       "f-ao+r"   29  205.975983 168.668533 182.960083
 162       "b-l+oy"    1    1.024660   0.999938   2.725282
 163       "f-t+er"   12   43.409603  68.888878  52.868813
 164         "y+uw"    1    3.161832  43.830940   1.958659
 165         "y-er"    1    1.206976   1.378458   1.013211
 166       "g-ey+n"    1    5.601348   1.296040  66.014145
 167       "ae-b+l"    1    1.000571  35.996552   0.999788
 168       "ao-r+n"   20   93.599213  31.571222  33.719704
 169       "l-ah+b"   18   39.723377  54.637291  53.299416
 170       "f-l+ey"   23  111.026917 104.803833  52.656708
 171       "ae-f+t"   12   71.577896  66.832535  61.773857
 172      "v-er+zh"    1    1.076718   0.999698   0.999700
 173     "iy-dh+er"    1    1.004951   2.634863   2.288450
 174       "p-aa+p"    1    1.000050   1.005002   8.867292
 175       "p-aa+s"   32  145.826843 130.200195 194.726181
 176       "n-ah+t"   23  120.904404  59.471981 188.082932
 177        "eh-sh"   18  318.385620 188.101746 547.148987
 178      "eh-r+iy"   17   47.596550  30.953297  55.613430
 179      "ah-l+er"    2    2.000624   2.000161   2.002187
 180       "r-aa+d"    5    9.008076  34.451035   7.946284
 181      "ey-l+ah"   18   51.079155  38.572430  67.171936
 182      "ah-l+iy"    1    1.348687   0.999911   1.479357
 183      "ah-l+ow"   22  145.049759 246.459213 237.939697
 184     "th-ih+ng"   19   60.636517  69.953041  38.533806
 185        "ey-jh"    1   19.589905  33.789654  36.338432
 186         "oy+l"    1    1.030722   0.999907   1.024294
 187         "oy-d"    1   59.973785   0.999816   1.002271
 188         "oy-l"    1   10.729536   1.055641   1.215279
 189         "oy-s"    1    3.668391   4.135781   1.114865
 190       "t-ih+d"   11   37.492718  68.986122  83.075859
 191       "t-ih+k"    1    2.276598   1.000001   1.000080
 192       "ae-s+k"   49  137.260529 184.939331 216.411575
 193       "n-t+ih"   11   17.620787  63.794346  41.457497
 194      "y-uw+zh"    1    1.002342   1.042734   0.999818
 195       "p-iy+n"   23   89.759094 113.393906 101.934547
 196     "uw-zh+ah"    1    2.993017   1.006258  87.883606
 197      "n-er+ah"   12   47.122658 118.831642 146.534393
 198       "er-f+y"    1    1.031796   1.001579   0.999810
 199       "n-ay+t"   21  112.436676  52.942142  83.628716
 200       "t-ae+b"    1    0.999714   0.999697   0.999772
 201       "oy-l+d"    1    1.354121   1.014547   3.437250
 202        "hh+ah"   22   88.711411  98.119972  47.659554
 203        "hh+aw"   27  147.281128  60.186783 104.941597
 204        "hh+ay"   24   97.746986  83.086266 173.454559
 205        "hh-aw"   27   96.003311  99.827133 179.430038
 206        "hh-ay"   24   59.757549 133.677460  49.928169
 207       "ah-k+t"    5    9.999933  10.161343  23.998526
 208       "y-uw+m"    1    0.999973   0.999602   0.999602
 209       "k-y+ah"    1    2.914526   1.073244   9.069416
 210       "k-y+er"    1   47.639328  19.098024   2.210733
 211       "ah-n+t"   17   57.542412 124.947098  63.257496
 212     "iy-th+ih"   18  171.679001  54.658352  46.524185
 213      "f-iy+ae"    1    4.360672  12.263871   1.661096
 214       "r-ay+s"   26  120.306221 238.699905 181.862640
 215       "r-ay+z"   29  128.519485  52.051704 174.622452
 216       "ah-t+s"   23   59.266232  82.951111  40.018093
 217       "s-p+oy"    1    1.023065   2.722274   1.000392
 218       "t-ay+p"    7   11.786420   9.407269   8.122416
 219         "b+ay"   42  235.669327 291.738220 494.320465
 220       "ih-k+y"    2    2.146400   5.698620   4.385705
 221         "b-ay"   42  171.539246 219.758621 103.697464
 222       "ih-l+z"    1    1.026548   0.999933  14.916691
 223      "iy-ae+s"    1    1.096262   1.000682   1.359159
 224       "ih-p+s"   22   50.071312  48.830032 239.079651
 225      "k-sh+ah"    1    1.000009  98.952103   1.002228
 226         "s+ow"   30  322.580750 199.244080 148.491013
 227      "iy-ah+n"   17   26.751389  26.658825  30.539774
 228      "ah-v+ey"   18   34.372169  53.526157  38.298386
 229      "ey-v+er"   23   51.134953  50.168224  43.657410
 230        "ah+dh"   23   59.200638 143.760101  85.794258
 231       "ih-s+k"   34   87.507469  80.834770 195.511154
 232        "ah-ch"   27  174.161316 101.300919 131.117630
 233       "aa-n+t"   54  362.939392 399.131775 145.508606
 234       "aa-p+y"    1    1.007347   1.039688   0.999599
 235         "ih+z"   77  238.243546 306.114197 542.616577
 236         "ih-d"   11  189.810699 264.371643 116.691078
 237         "ih-z"   77  300.596375 466.999390 228.032501
 238       "aa-s+t"   54  156.689941 214.066971 196.277390
 239         "k+aa"   22   43.138462  39.450371  34.878712
 240         "aa+r"   30  100.983086  86.162590 152.178528
 241         "k-ow"    1   23.382290   1.283693  13.289573
 242         "aa-r"   30   84.612045 144.996552 151.107376
 243       "f-uh+t"    1   27.002836   0.999936   4.751447
 244         "ae+f"   12   20.188198  34.348969  98.437836
 245         "ae+m"   32  115.009293 210.053375 281.437103
 246         "ae+s"   48   94.372337 128.194336 174.228455
 247         "ae-m"   32   73.761375  96.074471  97.715569
 248       "s-ow+d"   30  133.709778 182.553787 230.882065
 249         "ah+f"    1   15.019166  31.030422  13.197384
 250         "ah+v"  113  339.965515 577.944580 532.928650
 251         "ah-l"   44  182.030243 244.269257 310.143036
 252         "ah-n"    3   24.190609  21.042799  47.072746
 253         "ah-t"   89  153.484818 269.321411 535.022095
 254         "ah-v"   95  248.133011 314.590576 507.488525
 255         "ah-z"    2    2.320020   2.117811   2.964878
 256        "dh+eh"   18   39.396843  43.633949  54.014099
 257        "dh-er"   24  170.796082 137.258804 273.372101
 258      "ah-f+uh"    1    7.808346   1.906675   1.032025
 259      "r-iy+ah"   17   36.602432  84.038048  37.385559
 260         "ao-r"   29   91.007629 119.501030  85.861679
